73
59
100
12
51
186
141
174
52
186
196
148
105
5
8
29
150
185
2
16
185
20
68
147
72
117
118
146
148
54
154
21
113
55
33
117
41
126
91
93
113
87
193
170
93
153
199
195
138
153
11
124
125
32
23
149
149
141
95
49
195
50
70
61
57
56
130
98
182
21
143
47
60
137
169
153
90
120
100
29
73
64
105
150
96
128
99
197
21
195
46
16
197
68
29
54
124
159
104
59
132
47
58
193
184
28
98
75
100
199
104
174
15
161
76
111
89
176
60
110
123
58
78
120
126
60
126
3
171
30
62
104
77
72
49
14
52
99
89
153
50
145
79
65
106
155
128
147
131
188
57
54
46
87
126
125
147
4
128
119
186
142
175
16
14
176
30
67
75
71
20
126
168
51
143
74
6
72
173
138
12
30
144
11
69
23
136
17
27
16
88
14
158
63
182
172
191
12
191
66
83
163
144
51
14
88
77
21
160
50
111
172
32
7
183
101
30
71
70
10
87
158
176
197
173
158
122
164
170
113
183
5
29
127
56
43
167
85
16
127
87
79
52
119
39
187
172
69
11
43
