47
45
35
45
79
176
8
179
117
177
76
12
73
87
32
178
92
144
195
148
181
191
104
136
94
107
173
140
197
156
4
45
153
192
42
185
168
50
164
37
180
41
49
53
80
33
183
124
178
178
72
159
121
177
47
16
36
21
108
186
129
65
183
35
57
25
20
25
28
136
62
8
129
63
13
10
97
196
86
75
174
159
186
95
88
33
63
124
6
124
62
88
189
45
123
46
23
143
23
51
31
37
11
161
100
176
123
149
124
9
176
98
120
162
145
160
148
161
37
106
85
99
194
26
97
117
72
120
12
47
123
196
84
134
109
136
62
184
86
186
145
62
36
66
25
133
178
125
94
15
31
131
115
178
157
12
47
181
84
12
28
7
8
112
93
117
49
155
53
87
141
198
149
129
16
126
62
195
51
157
10
35
88
125
13
198
89
60
179
173
72
8
180
32
72
25
101
73
180
154
160
73
153
62
2
169
188
65
116
192
174
127
27
14
4
192
12
46
4
192
19
29
152
152
61
24
129
115
98
110
69
10
135
174
72
90
96
61
107
12
5
81
139
184
95
96
176
60
142
132
