168
149
153
173
129
142
32
41
33
150
56
110
170
17
96
81
91
127
178
57
142
17
63
11
22
88
103
53
104
180
176
24
81
129
197
163
23
181
4
56
132
12
166
54
30
63
88
73
142
66
130
84
84
193
48
58
33
151
111
137
83
87
114
116
168
63
31
192
45
36
0
177
0
167
183
182
182
71
55
76
138
185
113
174
130
161
32
116
64
143
5
147
183
119
15
151
183
47
95
28
35
48
157
35
15
140
18
149
164
25
25
102
163
138
76
93
51
60
9
115
3
15
14
138
86
30
42
69
77
89
49
64
137
6
99
104
99
69
53
63
47
31
165
10
121
193
55
173
53
65
40
8
32
55
147
70
85
189
140
114
78
189
178
168
148
29
72
47
51
126
110
98
109
27
108
30
172
115
155
177
180
148
185
164
3
84
35
40
25
127
106
56
68
36
24
16
65
96
63
68
174
125
118
83
104
178
66
76
94
173
53
26
121
191
143
76
75
130
116
53
57
22
109
125
10
85
94
28
181
157
96
108
35
167
143
139
145
9
16
39
135
21
18
56
164
161
85
40
91
1
